n_estimators:24 
 report:             precision    recall  f1-score   support

          0     0.9895    0.9981    0.9938     37165
          1     0.9922    0.9705    0.9812      4071
          2     0.9944    0.9742    0.9842      3645
          3     0.9778    0.9352    0.9560      3534
          4     0.9967    0.9940    0.9954      1842

avg / total     0.9895    0.9896    0.9895     50257
 
 F1:0.989477776353 
n_estimators:21 
 report:             precision    recall  f1-score   support

          0     0.9898    0.9983    0.9940     37165
          1     0.9909    0.9671    0.9789      4071
          2     0.9947    0.9742    0.9843      3645
          3     0.9764    0.9377    0.9567      3534
          4     0.9973    0.9951    0.9962      1842

avg / total     0.9896    0.9896    0.9896     50257
 
 F1:0.989559329477 
n_estimators:94 
 report:             precision    recall  f1-score   support

          0     0.9906    0.9985    0.9945     37165
          1     0.9925    0.9722    0.9823      4071
          2     0.9952    0.9770    0.9860      3645
          3     0.9802    0.9392    0.9592      3534
          4     0.9962    0.9957    0.9959      1842

avg / total     0.9905    0.9905    0.9905     50257
 
 F1:0.990480865692 
n_estimators:97 
 report:             precision    recall  f1-score   support

          0     0.9905    0.9984    0.9944     37165
          1     0.9927    0.9720    0.9823      4071
          2     0.9950    0.9770    0.9859      3645
          3     0.9799    0.9400    0.9596      3534
          4     0.9973    0.9962    0.9967      1842

avg / total     0.9905    0.9905    0.9904     50257
 
 F1:0.990443016019 
n_estimators:16 
 report:             precision    recall  f1-score   support

          0     0.9898    0.9980    0.9939     37165
          1     0.9892    0.9710    0.9800      4071
          2     0.9935    0.9717    0.9825      3645
          3     0.9778    0.9352    0.9560      3534
          4     0.9935    0.9957    0.9946      1842

avg / total     0.9893    0.9894    0.9893     50257
 
 F1:0.98929724378 
n_estimators:97 
 report:             precision    recall  f1-score   support

          0     0.9904    0.9984    0.9944     37165
          1     0.9932    0.9703    0.9816      4071
          2     0.9964    0.9775    0.9868      3645
          3     0.9776    0.9400    0.9585      3534
          4     0.9962    0.9957    0.9959      1842

avg / total     0.9904    0.9904    0.9903     50257
 
 F1:0.99032371154 
n_estimators:33 
 report:             precision    recall  f1-score   support

          0     0.9897    0.9982    0.9939     37165
          1     0.9922    0.9698    0.9809      4071
          2     0.9955    0.9753    0.9853      3645
          3     0.9781    0.9358    0.9565      3534
          4     0.9946    0.9957    0.9951      1842

avg / total     0.9897    0.9897    0.9897     50257
 
 F1:0.98965742685 
n_estimators:53 
 report:             precision    recall  f1-score   support

          0     0.9902    0.9982    0.9942     37165
          1     0.9920    0.9690    0.9804      4071
          2     0.9950    0.9759    0.9853      3645
          3     0.9779    0.9397    0.9584      3534
          4     0.9967    0.9962    0.9965      1842

avg / total     0.9900    0.9901    0.9900     50257
 
 F1:0.989983030413 
n_estimators:17 
 report:             precision    recall  f1-score   support

          0     0.9893    0.9982    0.9937     37165
          1     0.9905    0.9683    0.9793      4071
          2     0.9935    0.9706    0.9820      3645
          3     0.9798    0.9346    0.9567      3534
          4     0.9940    0.9946    0.9943      1842

avg / total     0.9892    0.9892    0.9891     50257
 
 F1:0.989112573935 
n_estimators:12 
 report:             precision    recall  f1-score   support

          0     0.9894    0.9979    0.9937     37165
          1     0.9887    0.9676    0.9780      4071
          2     0.9919    0.9739    0.9828      3645
          3     0.9777    0.9295    0.9530      3534
          4     0.9908    0.9957    0.9932      1842

avg / total     0.9888    0.9888    0.9887     50257
 
 F1:0.98872652561 
n_estimators:29 
 report:             precision    recall  f1-score   support

          0     0.9902    0.9983    0.9943     37165
          1     0.9925    0.9705    0.9814      4071
          2     0.9933    0.9764    0.9848      3645
          3     0.9799    0.9358    0.9573      3534
          4     0.9930    0.9962    0.9946      1842

avg / total     0.9900    0.9900    0.9899     50257
 
 F1:0.98993549681 
n_estimators:96 
 report:             precision    recall  f1-score   support

          0     0.9906    0.9985    0.9945     37165
          1     0.9925    0.9718    0.9820      4071
          2     0.9958    0.9772    0.9864      3645
          3     0.9794    0.9403    0.9594      3534
          4     0.9973    0.9962    0.9967      1842

avg / total     0.9906    0.9906    0.9905     50257
 
 F1:0.990543004336 
n_estimators:96 
 report:             precision    recall  f1-score   support

          0     0.9906    0.9983    0.9945     37165
          1     0.9937    0.9708    0.9821      4071
          2     0.9966    0.9781    0.9873      3645
          3     0.9765    0.9423    0.9591      3534
          4     0.9967    0.9957    0.9962      1842

avg / total     0.9905    0.9906    0.9905     50257
 
 F1:0.990508493493 
n_estimators:23 
 report:             precision    recall  f1-score   support

          0     0.9895    0.9981    0.9938     37165
          1     0.9922    0.9681    0.9800      4071
          2     0.9944    0.9753    0.9848      3645
          3     0.9775    0.9358    0.9562      3534
          4     0.9962    0.9951    0.9957      1842

avg / total     0.9895    0.9895    0.9895     50257
 
 F1:0.989457401929 
n_estimators:69 
 report:             precision    recall  f1-score   support

          0     0.9905    0.9983    0.9944     37165
          1     0.9912    0.9737    0.9824      4071
          2     0.9958    0.9770    0.9863      3645
          3     0.9793    0.9377    0.9581      3534
          4     0.9967    0.9957    0.9962      1842

avg / total     0.9904    0.9904    0.9903     50257
 
 F1:0.990321194674 
n_estimators:95 
 report:             precision    recall  f1-score   support

          0     0.9905    0.9985    0.9945     37165
          1     0.9935    0.9715    0.9824      4071
          2     0.9966    0.9783    0.9874      3645
          3     0.9793    0.9389    0.9587      3534
          4     0.9951    0.9967    0.9959      1842

avg / total     0.9906    0.9906    0.9905     50257
 
 F1:0.990540588205 
n_estimators:75 
 report:             precision    recall  f1-score   support

          0     0.9902    0.9983    0.9943     37165
          1     0.9912    0.9718    0.9814      4071
          2     0.9958    0.9742    0.9849      3645
          3     0.9790    0.9389    0.9585      3534
          4     0.9962    0.9962    0.9962      1842

avg / total     0.9901    0.9902    0.9901     50257
 
 F1:0.990101374928 
n_estimators:95 
 report:             precision    recall  f1-score   support

          0     0.9906    0.9984    0.9945     37165
          1     0.9932    0.9718    0.9824      4071
          2     0.9958    0.9759    0.9857      3645
          3     0.9780    0.9426    0.9599      3534
          4     0.9973    0.9962    0.9967      1842

avg / total     0.9905    0.9906    0.9905     50257
 
 F1:0.990507623915 
n_estimators:55 
 report:             precision    recall  f1-score   support

          0     0.9903    0.9982    0.9942     37165
          1     0.9915    0.9710    0.9811      4071
          2     0.9950    0.9761    0.9855      3645
          3     0.9796    0.9397    0.9593      3534
          4     0.9957    0.9962    0.9959      1842

avg / total     0.9902    0.9902    0.9901     50257
 
 F1:0.990143233663 
n_estimators:95 
 report:             precision    recall  f1-score   support

          0     0.9904    0.9984    0.9944     37165
          1     0.9922    0.9735    0.9828      4071
          2     0.9958    0.9750    0.9853      3645
          3     0.9817    0.9409    0.9608      3534
          4     0.9967    0.9967    0.9967      1842

avg / total     0.9906    0.9906    0.9905     50257
 
 F1:0.990523514331 
n_estimators:22 
 report:             precision    recall  f1-score   support

          0     0.9898    0.9982    0.9940     37165
          1     0.9907    0.9671    0.9787      4071
          2     0.9947    0.9756    0.9850      3645
          3     0.9775    0.9360    0.9563      3534
          4     0.9967    0.9973    0.9970      1842

avg / total     0.9896    0.9897    0.9896     50257
 
 F1:0.989576004395 
n_estimators:26 
 report:             precision    recall  f1-score   support

          0     0.9904    0.9982    0.9943     37165
          1     0.9907    0.9695    0.9800      4071
          2     0.9939    0.9770    0.9853      3645
          3     0.9788    0.9397    0.9589      3534
          4     0.9978    0.9957    0.9967      1842

avg / total     0.9901    0.9901    0.9901     50257
 
 F1:0.99006331253 
n_estimators:15 
 report:             precision    recall  f1-score   support

          0     0.9898    0.9979    0.9938     37165
          1     0.9902    0.9698    0.9799      4071
          2     0.9941    0.9731    0.9835      3645
          3     0.9770    0.9383    0.9573      3534
          4     0.9967    0.9957    0.9962      1842

avg / total     0.9895    0.9896    0.9895     50257
 
 F1:0.989483208788 
n_estimators:14 
 report:             precision    recall  f1-score   support

          0     0.9892    0.9976    0.9934     37165
          1     0.9882    0.9666    0.9773      4071
          2     0.9922    0.9726    0.9823      3645
          3     0.9739    0.9310    0.9520      3534
          4     0.9951    0.9962    0.9957      1842

avg / total     0.9885    0.9886    0.9885     50257
 
 F1:0.988472136711 
n_estimators:10 
 report:             precision    recall  f1-score   support

          0     0.9884    0.9980    0.9932     37165
          1     0.9885    0.9676    0.9779      4071
          2     0.9910    0.9671    0.9789      3645
          3     0.9803    0.9301    0.9546      3534
          4     0.9967    0.9951    0.9959      1842

avg / total     0.9884    0.9884    0.9883     50257
 
 F1:0.988284704677 
n_estimators:20 
 report:             precision    recall  f1-score   support

          0     0.9897    0.9983    0.9940     37165
          1     0.9922    0.9673    0.9796      4071
          2     0.9950    0.9753    0.9850      3645
          3     0.9755    0.9346    0.9546      3534
          4     0.9935    0.9946    0.9940      1842

avg / total     0.9894    0.9895    0.9894     50257
 
 F1:0.989395183043 
n_estimators:76 
 report:             precision    recall  f1-score   support

          0     0.9899    0.9981    0.9940     37165
          1     0.9917    0.9700    0.9808      4071
          2     0.9961    0.9753    0.9856      3645
          3     0.9779    0.9394    0.9583      3534
          4     0.9962    0.9951    0.9957      1842

avg / total     0.9899    0.9899    0.9899     50257
 
 F1:0.989864316137 
n_estimators:80 
 report:             precision    recall  f1-score   support

          0     0.9899    0.9983    0.9941     37165
          1     0.9912    0.9688    0.9799      4071
          2     0.9969    0.9745    0.9856      3645
          3     0.9802    0.9397    0.9595      3534
          4     0.9951    0.9973    0.9962      1842

avg / total     0.9900    0.9901    0.9900     50257
 
 F1:0.98998087308 
n_estimators:9 
 report:             precision    recall  f1-score   support

          0     0.9889    0.9974    0.9932     37165
          1     0.9860    0.9678    0.9768      4071
          2     0.9921    0.9698    0.9809      3645
          3     0.9756    0.9295    0.9520      3534
          4     0.9924    0.9951    0.9938      1842

avg / total     0.9881    0.9882    0.9881     50257
 
 F1:0.988070282362 
n_estimators:62 
 report:             precision    recall  f1-score   support

          0     0.9902    0.9984    0.9943     37165
          1     0.9930    0.9715    0.9821      4071
          2     0.9966    0.9748    0.9856      3645
          3     0.9797    0.9411    0.9600      3534
          4     0.9962    0.9957    0.9959      1842

avg / total     0.9904    0.9904    0.9903     50257
 
 F1:0.990324429724 
n_estimators:64 
 report:             precision    recall  f1-score   support

          0     0.9900    0.9983    0.9941     37165
          1     0.9910    0.9695    0.9801      4071
          2     0.9950    0.9742    0.9845      3645
          3     0.9793    0.9386    0.9585      3534
          4     0.9973    0.9957    0.9965      1842

avg / total     0.9899    0.9900    0.9899     50257
 
 F1:0.989880096184 
n_estimators:27 
 report:             precision    recall  f1-score   support

          0     0.9900    0.9982    0.9941     37165
          1     0.9919    0.9686    0.9801      4071
          2     0.9947    0.9756    0.9850      3645
          3     0.9770    0.9383    0.9573      3534
          4     0.9962    0.9957    0.9959      1842

avg / total     0.9898    0.9898    0.9898     50257
 
 F1:0.98976143079 
n_estimators:92 
 report:             precision    recall  f1-score   support

          0     0.9905    0.9984    0.9944     37165
          1     0.9930    0.9718    0.9822      4071
          2     0.9958    0.9775    0.9866      3645
          3     0.9794    0.9403    0.9594      3534
          4     0.9967    0.9962    0.9965      1842

avg / total     0.9905    0.9905    0.9905     50257
 
 F1:0.990463919269 
n_estimators:71 
 report:             precision    recall  f1-score   support

          0     0.9906    0.9985    0.9946     37165
          1     0.9925    0.9718    0.9820      4071
          2     0.9955    0.9770    0.9862      3645
          3     0.9808    0.9403    0.9601      3534
          4     0.9967    0.9978    0.9973      1842

avg / total     0.9907    0.9907    0.9906     50257
 
 F1:0.990621450843 
n_estimators:79 
 report:             precision    recall  f1-score   support

          0     0.9905    0.9984    0.9944     37165
          1     0.9935    0.9718    0.9825      4071
          2     0.9961    0.9756    0.9857      3645
          3     0.9789    0.9431    0.9607      3534
          4     0.9967    0.9957    0.9962      1842

avg / total     0.9906    0.9906    0.9905     50257
 
 F1:0.990527973388 
n_estimators:71 
 report:             precision    recall  f1-score   support

          0     0.9902    0.9984    0.9943     37165
          1     0.9922    0.9715    0.9818      4071
          2     0.9966    0.9759    0.9861      3645
          3     0.9802    0.9409    0.9602      3534
          4     0.9973    0.9957    0.9965      1842

avg / total     0.9904    0.9904    0.9904     50257
 
 F1:0.990364257236 
n_estimators:71 
 report:             precision    recall  f1-score   support

          0     0.9903    0.9983    0.9943     37165
          1     0.9925    0.9713    0.9818      4071
          2     0.9955    0.9745    0.9849      3645
          3     0.9771    0.9411    0.9588      3534
          4     0.9973    0.9957    0.9965      1842

avg / total     0.9902    0.9902    0.9902     50257
 
 F1:0.990166330865 
n_estimators:65 
 report:             precision    recall  f1-score   support

          0     0.9903    0.9985    0.9944     37165
          1     0.9922    0.9715    0.9818      4071
          2     0.9961    0.9775    0.9867      3645
          3     0.9820    0.9397    0.9604      3534
          4     0.9973    0.9962    0.9967      1842

avg / total     0.9906    0.9906    0.9905     50257
 
 F1:0.990521041799 
n_estimators:8 
 report:             precision    recall  f1-score   support

          0     0.9869    0.9973    0.9921     37165
          1     0.9872    0.9629    0.9749      4071
          2     0.9884    0.9599    0.9740      3645
          3     0.9734    0.9228    0.9474      3534
          4     0.9957    0.9946    0.9951      1842

avg / total     0.9864    0.9865    0.9864     50257
 
 F1:0.986351776346 
n_estimators:47 
 report:             precision    recall  f1-score   support

          0     0.9903    0.9983    0.9943     37165
          1     0.9925    0.9700    0.9811      4071
          2     0.9947    0.9767    0.9856      3645
          3     0.9799    0.9403    0.9597      3534
          4     0.9957    0.9957    0.9957      1842

avg / total     0.9903    0.9903    0.9902     50257
 
 F1:0.990222909161 
n_estimators:67 
 report:             precision    recall  f1-score   support

          0     0.9898    0.9984    0.9941     37165
          1     0.9920    0.9703    0.9810      4071
          2     0.9952    0.9739    0.9845      3645
          3     0.9804    0.9363    0.9579      3534
          4     0.9951    0.9967    0.9959      1842

avg / total     0.9899    0.9899    0.9899     50257
 
 F1:0.989855354666 
n_estimators:70 
 report:             precision    recall  f1-score   support

          0     0.9908    0.9985    0.9946     37165
          1     0.9937    0.9720    0.9827      4071
          2     0.9958    0.9772    0.9864      3645
          3     0.9794    0.9431    0.9609      3534
          4     0.9967    0.9962    0.9965      1842

avg / total     0.9908    0.9908    0.9907     50257
 
 F1:0.990747365827 
n_estimators:99 
 report:             precision    recall  f1-score   support

          0     0.9902    0.9985    0.9943     37165
          1     0.9927    0.9715    0.9820      4071
          2     0.9958    0.9756    0.9856      3645
          3     0.9808    0.9392    0.9595      3534
          4     0.9973    0.9967    0.9970      1842

avg / total     0.9904    0.9904    0.9903     50257
 
 F1:0.990320491945 
n_estimators:70 
 report:             precision    recall  f1-score   support

          0     0.9903    0.9983    0.9943     37165
          1     0.9922    0.9708    0.9814      4071
          2     0.9952    0.9756    0.9853      3645
          3     0.9791    0.9403    0.9593      3534
          4     0.9962    0.9967    0.9965      1842

avg / total     0.9902    0.9903    0.9902     50257
 
 F1:0.990203547655 
n_estimators:7 
 report:             precision    recall  f1-score   support

          0     0.9878    0.9971    0.9925     37165
          1     0.9847    0.9649    0.9747      4071
          2     0.9896    0.9657    0.9775      3645
          3     0.9705    0.9225    0.9459      3534
          4     0.9940    0.9919    0.9929      1842

avg / total     0.9867    0.9868    0.9867     50257
 
 F1:0.986679250557 
n_estimators:18 
 report:             precision    recall  f1-score   support

          0     0.9897    0.9980    0.9938     37165
          1     0.9909    0.9671    0.9789      4071
          2     0.9930    0.9753    0.9841      3645
          3     0.9782    0.9380    0.9577      3534
          4     0.9978    0.9946    0.9962      1842

avg / total     0.9895    0.9895    0.9895     50257
 
 F1:0.989460868255 
n_estimators:44 
 report:             precision    recall  f1-score   support

          0     0.9905    0.9982    0.9943     37165
          1     0.9925    0.9718    0.9820      4071
          2     0.9939    0.9770    0.9853      3645
          3     0.9799    0.9397    0.9594      3534
          4     0.9946    0.9962    0.9954      1842

avg / total     0.9903    0.9903    0.9902     50257
 
 F1:0.990243502786 
n_estimators:70 
 report:             precision    recall  f1-score   support

          0     0.9905    0.9984    0.9944     37165
          1     0.9925    0.9732    0.9828      4071
          2     0.9955    0.9756    0.9855      3645
          3     0.9793    0.9389    0.9587      3534
          4     0.9946    0.9951    0.9948      1842

avg / total     0.9904    0.9904    0.9903     50257
 
 F1:0.990321829729 
n_estimators:11 
 report:             precision    recall  f1-score   support

          0     0.9888    0.9976    0.9932     37165
          1     0.9879    0.9659    0.9768      4071
          2     0.9902    0.9742    0.9822      3645
          3     0.9750    0.9259    0.9498      3534
          4     0.9935    0.9935    0.9935      1842

avg / total     0.9881    0.9881    0.9880     50257
 
 F1:0.988003021106 
n_estimators:31 
 report:             precision    recall  f1-score   support

          0     0.9901    0.9982    0.9941     37165
          1     0.9912    0.9693    0.9801      4071
          2     0.9955    0.9753    0.9853      3645
          3     0.9768    0.9406    0.9583      3534
          4     0.9967    0.9924    0.9946      1842

avg / total     0.9899    0.9899    0.9899     50257
 
 F1:0.989866065276 
best opt:  {'n_estimators': 65}
