TIME:2018-03-04 16:21:36---C:9.223293386924135,gamma:0.9162217316542907 
 report:             precision    recall  f1-score   support

          0     0.9050    1.0000    0.9501     37185
          1     1.0000    0.9214    0.9591      4046
          2     0.9997    0.8925    0.9431      3555
          3     1.0000    0.4620    0.6320      3675
          4     1.0000    0.3163    0.4805      1796

avg / total     0.9297    0.9223    0.9103     50257
 
 F1:0.910288997911 
TIME:2018-03-04 16:54:44---C:0.13896727434808975,gamma:0.5623222157540722 
 report:             precision    recall  f1-score   support

          0     0.8825    1.0000    0.9376     37185
          1     1.0000    0.8816    0.9371      4046
          2     1.0000    0.8729    0.9321      3555
          3     1.0000    0.2688    0.4238      3675
          4     1.0000    0.2578    0.4099      1796

avg / total     0.9131    0.9015    0.8807     50257
 
 F1:0.880725764063 
TIME:2018-03-04 16:57:02---C:1.8659635023607215,gamma:0.0498231248149985 
 report:             precision    recall  f1-score   support

          0     0.9948    0.9973    0.9961     37185
          1     0.9963    0.9869    0.9916      4046
          2     0.9949    0.9924    0.9937      3555
          3     0.9692    0.9595    0.9643      3675
          4     1.0000    0.9950    0.9975      1796

avg / total     0.9933    0.9933    0.9933     50257
 
 F1:0.993261087408 
TIME:2018-03-04 16:58:24---C:8.923761603950854,gamma:0.031213163992629703 
 report:             precision    recall  f1-score   support

          0     0.9950    0.9987    0.9969     37185
          1     0.9960    0.9899    0.9929      4046
          2     0.9963    0.9947    0.9955      3555
          3     0.9874    0.9608    0.9739      3675
          4     1.0000    0.9967    0.9983      1796

avg / total     0.9948    0.9948    0.9948     50257
 
 F1:0.994822939591 
TIME:2018-03-04 17:37:53---C:3.4927273964936685,gamma:0.5505861149959349 
 report:             precision    recall  f1-score   support

          0     0.9358    0.9999    0.9668     37185
          1     0.9997    0.9496    0.9740      4046
          2     1.0000    0.9508    0.9748      3555
          3     0.9983    0.6405    0.7804      3675
          4     1.0000    0.5245    0.6881      1796

avg / total     0.9524    0.9491    0.9444     50257
 
 F1:0.944358968674 
TIME:2018-03-04 18:44:00---C:8.368169330925932,gamma:0.9514256158411339 
 report:             precision    recall  f1-score   support

          0     0.9023    1.0000    0.9486     37185
          1     1.0000    0.9170    0.9567      4046
          2     0.9997    0.8858    0.9393      3555
          3     1.0000    0.4468    0.6176      3675
          4     1.0000    0.3040    0.4663      1796

avg / total     0.9277    0.9199    0.9072     50257
 
 F1:0.907187227519 
TIME:2018-03-04 19:14:33---C:3.2826644810399412,gamma:0.4299870453915987 
 report:             precision    recall  f1-score   support

          0     0.9507    0.9999    0.9747     37185
          1     0.9997    0.9602    0.9796      4046
          2     1.0000    0.9626    0.9809      3555
          3     0.9985    0.7113    0.8308      3675
          4     1.0000    0.6798    0.8094      1796

avg / total     0.9634    0.9616    0.9591     50257
 
 F1:0.959114134195 
TIME:2018-03-04 19:53:20---C:2.1849291638290302,gamma:0.5408726196807242 
 report:             precision    recall  f1-score   support

          0     0.9367    0.9999    0.9673     37185
          1     0.9997    0.9501    0.9743      4046
          2     1.0000    0.9511    0.9749      3555
          3     0.9983    0.6460    0.7844      3675
          4     1.0000    0.5323    0.6948      1796

avg / total     0.9530    0.9499    0.9453     50257
 
 F1:0.94526780059 
TIME:2018-03-04 20:34:23---C:6.045746730787717,gamma:0.5716661490565828 
 report:             precision    recall  f1-score   support

          0     0.9334    0.9999    0.9655     37185
          1     0.9997    0.9483    0.9734      4046
          2     0.9997    0.9494    0.9739      3555
          3     0.9983    0.6302    0.7726      3675
          4     1.0000    0.4939    0.6612      1796

avg / total     0.9505    0.9471    0.9418     50257
 
 F1:0.941751400913 
TIME:2018-03-04 20:41:17---C:8.662461848932256,gamma:0.11929023573590314 
 report:             precision    recall  f1-score   support

          0     0.9907    0.9993    0.9950     37185
          1     0.9982    0.9857    0.9919      4046
          2     0.9989    0.9902    0.9945      3555
          3     0.9899    0.9374    0.9630      3675
          4     1.0000    0.9749    0.9873      1796

avg / total     0.9922    0.9922    0.9921     50257
 
 F1:0.99209300348 
TIME:2018-03-04 20:58:32---C:5.994038574644794,gamma:0.2559066095792198 
 report:             precision    recall  f1-score   support

          0     0.9722    0.9999    0.9859     37185
          1     0.9990    0.9743    0.9865      4046
          2     0.9997    0.9764    0.9879      3555
          3     0.9967    0.8231    0.9016      3675
          4     1.0000    0.8697    0.9303      1796

avg / total     0.9791    0.9786    0.9779     50257
 
 F1:0.977906959897 
TIME:2018-03-04 21:54:19---C:9.998005719347201,gamma:0.7841155484207001 
 report:             precision    recall  f1-score   support

          0     0.9140    1.0000    0.9551     37185
          1     1.0000    0.9325    0.9651      4046
          2     0.9997    0.9184    0.9573      3555
          3     0.9995    0.5167    0.6813      3675
          4     1.0000    0.3536    0.5224      1796

avg / total     0.9363    0.9303    0.9205     50257
 
 F1:0.920539659031 
TIME:2018-03-04 22:12:39---C:7.063155212980752,gamma:0.26982012023437735 
 report:             precision    recall  f1-score   support

          0     0.9705    0.9999    0.9850     37185
          1     0.9990    0.9728    0.9857      4046
          2     0.9997    0.9752    0.9873      3555
          3     0.9967    0.8128    0.8954      3675
          4     1.0000    0.8575    0.9233      1796

avg / total     0.9778    0.9772    0.9764     50257
 
 F1:0.976438629273 
TIME:2018-03-04 22:13:49---C:7.474382565037027,gamma:0.012773734948911302 
 report:             precision    recall  f1-score   support

          0     0.9939    0.9987    0.9963     37185
          1     0.9963    0.9886    0.9924      4046
          2     0.9958    0.9896    0.9927      3555
          3     0.9879    0.9548    0.9711      3675
          4     1.0000    0.9989    0.9994      1796

avg / total     0.9940    0.9940    0.9940     50257
 
 F1:0.993978048923 
TIME:2018-03-04 23:05:41---C:4.419369217604246,gamma:0.7249521087102511 
 report:             precision    recall  f1-score   support

          0     0.9186    1.0000    0.9576     37185
          1     1.0000    0.9360    0.9669      4046
          2     0.9997    0.9263    0.9616      3555
          3     0.9995    0.5448    0.7052      3675
          4     1.0000    0.3875    0.5586      1796

avg / total     0.9397    0.9344    0.9259     50257
 
 F1:0.925906303175 
TIME:2018-03-04 23:19:41---C:9.86623201024333,gamma:0.21264798002002466 
 report:             precision    recall  f1-score   support

          0     0.9780    0.9997    0.9887     37185
          1     0.9987    0.9783    0.9884      4046
          2     0.9997    0.9797    0.9896      3555
          3     0.9946    0.8561    0.9202      3675
          4     1.0000    0.9126    0.9543      1796

avg / total     0.9832    0.9829    0.9825     50257
 
 F1:0.982524946514 
TIME:2018-03-04 23:41:58---C:0.32881524208663215,gamma:0.3796824013984742 
 report:             precision    recall  f1-score   support

          0     0.9235    0.9999    0.9602     37185
          1     0.9992    0.9412    0.9693      4046
          2     1.0000    0.9482    0.9734      3555
          3     0.9990    0.5361    0.6977      3675
          4     1.0000    0.4671    0.6368      1796

avg / total     0.9432    0.9386    0.9311     50257
 
 F1:0.931115144995 
TIME:2018-03-04 23:44:30---C:7.52764980580588,gamma:0.055956304164308475 
 report:             precision    recall  f1-score   support

          0     0.9957    0.9972    0.9965     37185
          1     0.9968    0.9891    0.9929      4046
          2     0.9969    0.9941    0.9955      3555
          3     0.9673    0.9668    0.9671      3675
          4     1.0000    0.9939    0.9969      1796

avg / total     0.9940    0.9940    0.9940     50257
 
 F1:0.993969274125 
TIME:2018-03-04 23:55:53---C:7.285548328754542,gamma:0.1789214535464592 
 report:             precision    recall  f1-score   support

          0     0.9824    0.9996    0.9909     37185
          1     0.9990    0.9807    0.9898      4046
          2     0.9994    0.9834    0.9914      3555
          3     0.9942    0.8835    0.9356      3675
          4     1.0000    0.9376    0.9678      1796

avg / total     0.9864    0.9863    0.9860     50257
 
 F1:0.985999122312 
TIME:2018-03-04 23:57:28---C:5.9879460447740644,gamma:0.005548646158897102 
 report:             precision    recall  f1-score   support

          0     0.9913    0.9981    0.9947     37185
          1     0.9859    0.9827    0.9843      4046
          2     0.9955    0.9854    0.9904      3555
          3     0.9839    0.9295    0.9559      3675
          4     1.0000    0.9989    0.9994      1796

avg / total     0.9910    0.9910    0.9909     50257
 
 F1:0.990905171738 
TIME:2018-03-05 00:20:50---C:8.066680401811514,gamma:0.33527716649231015 
 report:             precision    recall  f1-score   support

          0     0.9630    0.9999    0.9811     37185
          1     0.9992    0.9676    0.9832      4046
          2     0.9997    0.9696    0.9844      3555
          3     0.9972    0.7728    0.8708      3675
          4     1.0000    0.7990    0.8883      1796

avg / total     0.9724    0.9714    0.9701     50257
 
 F1:0.970131879336 
TIME:2018-03-05 00:22:36---C:9.249646032669556,gamma:0.00336768967740733 
 report:             precision    recall  f1-score   support

          0     0.9902    0.9977    0.9939     37185
          1     0.9785    0.9778    0.9781      4046
          2     0.9949    0.9840    0.9894      3555
          3     0.9820    0.9192    0.9495      3675
          4     1.0000    0.9983    0.9992      1796

avg / total     0.9893    0.9894    0.9893     50257
 
 F1:0.989268795617 
TIME:2018-03-05 00:28:14---C:6.773119707780572,gamma:0.10405480854085192 
 report:             precision    recall  f1-score   support

          0     0.9930    0.9991    0.9960     37185
          1     0.9980    0.9864    0.9922      4046
          2     0.9983    0.9916    0.9949      3555
          3     0.9857    0.9537    0.9694      3675
          4     1.0000    0.9794    0.9896      1796

avg / total     0.9935    0.9935    0.9935     50257
 
 F1:0.993457545416 
TIME:2018-03-05 00:37:31---C:5.326962340919113,gamma:0.15039384499205632 
 report:             precision    recall  f1-score   support

          0     0.9867    0.9996    0.9931     37185
          1     0.9990    0.9834    0.9912      4046
          2     0.9991    0.9879    0.9935      3555
          3     0.9926    0.9105    0.9498      3675
          4     1.0000    0.9560    0.9775      1796

avg / total     0.9895    0.9894    0.9892     50257
 
 F1:0.989230314645 
TIME:2018-03-05 01:25:26---C:9.052675838631911,gamma:0.6681406580734218 
 report:             precision    recall  f1-score   support

          0     0.9235    1.0000    0.9602     37185
          1     1.0000    0.9394    0.9688      4046
          2     0.9997    0.9361    0.9669      3555
          3     0.9995    0.5739    0.7291      3675
          4     1.0000    0.4187    0.5903      1796

avg / total     0.9433    0.9387    0.9313     50257
 
 F1:0.931250886159 
TIME:2018-03-05 01:58:29---C:9.775030679513964,gamma:0.4628334417943847 
 report:             precision    recall  f1-score   support

          0     0.9462    0.9999    0.9723     37185
          1     0.9997    0.9577    0.9783      4046
          2     0.9997    0.9584    0.9786      3555
          3     0.9984    0.6920    0.8174      3675
          4     1.0000    0.6281    0.7715      1796

avg / total     0.9600    0.9578    0.9547     50257
 
 F1:0.954724215536 
TIME:2018-03-05 02:20:20---C:7.7615652320179604,gamma:0.31532524118077465 
 report:             precision    recall  f1-score   support

          0     0.9653    0.9999    0.9823     37185
          1     0.9992    0.9689    0.9838      4046
          2     0.9997    0.9707    0.9850      3555
          3     0.9972    0.7853    0.8787      3675
          4     1.0000    0.8185    0.9002      1796

avg / total     0.9740    0.9732    0.9721     50257
 
 F1:0.97209126407 
TIME:2018-03-05 02:21:33---C:6.6260239112997406,gamma:0.020244604317925602 
 report:             precision    recall  f1-score   support

          0     0.9948    0.9986    0.9967     37185
          1     0.9960    0.9891    0.9926      4046
          2     0.9955    0.9935    0.9945      3555
          3     0.9877    0.9597    0.9735      3675
          4     1.0000    0.9983    0.9992      1796

avg / total     0.9946    0.9946    0.9946     50257
 
 F1:0.99462224164 
TIME:2018-03-05 03:22:50---C:4.584766580566061,gamma:0.8675800494447113 
 report:             precision    recall  f1-score   support

          0     0.9079    1.0000    0.9517     37185
          1     1.0000    0.9261    0.9616      4046
          2     0.9997    0.9001    0.9473      3555
          3     0.9994    0.4811    0.6495      3675
          4     1.0000    0.3263    0.4920      1796

avg / total     0.9318    0.9249    0.9137     50257
 
 F1:0.913694660137 
TIME:2018-03-05 03:26:14---C:5.261515408797604,gamma:0.07503315053079476 
 report:             precision    recall  f1-score   support

          0     0.9958    0.9969    0.9963     37185
          1     0.9970    0.9876    0.9923      4046
          2     0.9966    0.9930    0.9948      3555
          3     0.9603    0.9679    0.9641      3675
          4     1.0000    0.9894    0.9947      1796

avg / total     0.9935    0.9935    0.9935     50257
 
 F1:0.993460927395 
TIME:2018-03-05 03:37:51---C:6.801490908054032,gamma:0.1819129010632034 
 report:             precision    recall  f1-score   support

          0     0.9820    0.9996    0.9907     37185
          1     0.9990    0.9805    0.9896      4046
          2     0.9994    0.9831    0.9912      3555
          3     0.9942    0.8811    0.9342      3675
          4     1.0000    0.9349    0.9663      1796

avg / total     0.9861    0.9859    0.9857     50257
 
 F1:0.985668398358 
TIME:2018-03-05 03:40:55---C:9.20589406712534,gamma:0.0012248919408542822 
 report:             precision    recall  f1-score   support

          0     0.9796    0.9950    0.9873     37185
          1     0.9438    0.9466    0.9452      4046
          2     0.9925    0.9277    0.9590      3555
          3     0.9756    0.8808    0.9258      3675
          4     0.9994    0.9955    0.9975      1796

avg / total     0.9781    0.9780    0.9778     50257
 
 F1:0.977754992895 
TIME:2018-03-05 04:07:52---C:6.315589953299593,gamma:0.38278258019695277 
 report:             precision    recall  f1-score   support

          0     0.9573    0.9999    0.9781     37185
          1     0.9995    0.9656    0.9823      4046
          2     0.9997    0.9671    0.9831      3555
          3     0.9982    0.7448    0.8530      3675
          4     1.0000    0.7378    0.8491      1796

avg / total     0.9682    0.9668    0.9651     50257
 
 F1:0.96505632927 
TIME:2018-03-05 04:53:02---C:8.445923074664417,gamma:0.6299223684010988 
 report:             precision    recall  f1-score   support

          0     0.9269    1.0000    0.9620     37185
          1     0.9997    0.9429    0.9705      4046
          2     0.9997    0.9409    0.9694      3555
          3     0.9995    0.5924    0.7439      3675
          4     1.0000    0.4454    0.6163      1796

avg / total     0.9458    0.9416    0.9349     50257
 
 F1:0.934940214219 
TIME:2018-03-05 05:11:32---C:3.835171507488953,gamma:0.27212516708399104 
 report:             precision    recall  f1-score   support

          0     0.9701    0.9999    0.9848     37185
          1     0.9990    0.9728    0.9857      4046
          2     0.9997    0.9750    0.9872      3555
          3     0.9967    0.8106    0.8941      3675
          4     1.0000    0.8547    0.9216      1796

avg / total     0.9775    0.9769    0.9761     50257
 
 F1:0.976138584777 
TIME:2018-03-05 05:17:22---C:2.184825855327296,gamma:0.10610362332384037 
 report:             precision    recall  f1-score   support

          0     0.9925    0.9991    0.9958     37185
          1     0.9980    0.9854    0.9917      4046
          2     0.9986    0.9904    0.9945      3555
          3     0.9851    0.9510    0.9677      3675
          4     1.0000    0.9794    0.9896      1796

avg / total     0.9931    0.9931    0.9931     50257
 
 F1:0.993095094171 
TIME:2018-03-05 05:51:15---C:2.98357835185312,gamma:0.4746761122892441 
 report:             precision    recall  f1-score   support

          0     0.9447    0.9999    0.9715     37185
          1     0.9997    0.9565    0.9776      4046
          2     1.0000    0.9575    0.9783      3555
          3     0.9984    0.6838    0.8117      3675
          4     1.0000    0.6153    0.7618      1796

avg / total     0.9589    0.9566    0.9533     50257
 
 F1:0.953320678255 
TIME:2018-03-05 06:20:42---C:8.10112390581024,gamma:0.4152789478223764 
 report:             precision    recall  f1-score   support

          0     0.9528    0.9999    0.9758     37185
          1     0.9997    0.9624    0.9807      4046
          2     0.9997    0.9637    0.9814      3555
          3     0.9985    0.7233    0.8389      3675
          4     1.0000    0.6954    0.8204      1796

avg / total     0.9649    0.9632    0.9610     50257
 
 F1:0.961017917285 
TIME:2018-03-05 07:28:24---C:8.756314199944015,gamma:0.9815680643216289 
 report:             precision    recall  f1-score   support

          0     0.9002    1.0000    0.9475     37185
          1     1.0000    0.9137    0.9549      4046
          2     0.9997    0.8793    0.9356      3555
          3     1.0000    0.4316    0.6029      3675
          4     1.0000    0.3007    0.4623      1796

avg / total     0.9261    0.9179    0.9047     50257
 
 F1:0.904694850536 
TIME:2018-03-05 07:40:57---C:0.5178588544118004,gamma:0.22445887695099287 
 report:             precision    recall  f1-score   support

          0     0.9646    0.9999    0.9819     37185
          1     0.9990    0.9679    0.9832      4046
          2     0.9994    0.9691    0.9840      3555
          3     0.9972    0.7671    0.8671      3675
          4     1.0000    0.8447    0.9158      1796

avg / total     0.9735    0.9726    0.9714     50257
 
 F1:0.971412701262 
TIME:2018-03-05 07:43:14---C:5.672086892905809,gamma:0.0510072784804195 
 report:             precision    recall  f1-score   support

          0     0.9955    0.9973    0.9964     37185
          1     0.9965    0.9891    0.9928      4046
          2     0.9963    0.9938    0.9951      3555
          3     0.9699    0.9649    0.9674      3675
          4     1.0000    0.9944    0.9972      1796

avg / total     0.9939    0.9939    0.9939     50257
 
 F1:0.993924600475 
TIME:2018-03-05 08:06:11---C:4.587645791249731,gamma:0.3296482600545231 
 report:             precision    recall  f1-score   support

          0     0.9638    0.9999    0.9815     37185
          1     0.9992    0.9686    0.9837      4046
          2     1.0000    0.9696    0.9846      3555
          3     0.9972    0.7774    0.8737      3675
          4     1.0000    0.8046    0.8917      1796

avg / total     0.9730    0.9720    0.9708     50257
 
 F1:0.970827123473 
